5.51653
6.50908
7.1446
6.04811
6.94355
6.31238
6.75068
7.46761
7.14494
6.4553
7.07468
5.64314
5.45564
6.49153
6.54805
6.7588
6.26803
7.94255
5.81908
5.73446
6.58053
7.00139
7.03042
5.09779
4.69193
7.57721
6.18318
5.53783
7.80049
6.09873
6.56708
5.57136
5.8665
6.03755
5.76084
6.49372
6.23966
6.2064
6.16298
6.84588
6.41528
7.07457
6.72953
6.34705
6.38651
6.756
7.57568
8.05356
6.58473
5.83065
5.5314
5.71228
5.83063
6.17224
5.00239
6.40224
7.41397
7.01081
6.76888
6.714
6.68735
7.43552
7.60949
6.73802
6.22246
7.1054
5.42148
6.22177
7.9025
7.06547
7.18629
6.59964
4.84241
6.30164
4.74574
5.70997
6.3507
5.96372
6.33698
6.57099
6.14467
5.66087
6.9973
5.99684
7.68099
5.57703
7.15184
7.74384
6.17606
5.43498
6.24633
5.00401
7.08206
6.73046
6.61955
6.64308
6.56306
6.34604
6.4455
6.54845
6.46183
6.84026
6.13042
6.28664
4.68707
5.71598
5.92055
6.65132
6.51547
6.59894
5.57637
7.18572
5.15097
8.27185
6.88964
8.33253
6.77013
5.1493
5.96949
4.99193
6.31863
5.38802
4.4902
5.60674
5.71028
6.62977
6.5148
5.94892
7.6492
6.92651
6.69181
6.96782
6.95416
6.42778
7.33918
6.97645
8.12344
