Sample	FastQC_mqc-generalstats-fastqc-percent_duplicates	FastQC_mqc-generalstats-fastqc-percent_gc	FastQC_mqc-generalstats-fastqc-avg_sequence_length	FastQC_mqc-generalstats-fastqc-percent_fails	FastQC_mqc-generalstats-fastqc-total_sequences
18170X100_200925_A00421_0244_AHKML5DSXY_S120_L002_R1_001	25.109438707309778	37.0	151.0	9.090909090909092	24723628.0
18170X100_200925_A00421_0244_AHKML5DSXY_S120_L002_R2_001	23.422293815580332	38.0	151.0	9.090909090909092	24723628.0
18170X101_200925_A00421_0244_AHKML5DSXY_S121_L002_R1_001	26.674659517747784	37.0	151.0	9.090909090909092	23451993.0
18170X101_200925_A00421_0244_AHKML5DSXY_S121_L002_R2_001	24.90125240762005	37.0	151.0	9.090909090909092	23451993.0
18170X102_200925_A00421_0244_AHKML5DSXY_S122_L002_R1_001	24.819438406008814	37.0	151.0	9.090909090909092	23251052.0
18170X102_200925_A00421_0244_AHKML5DSXY_S122_L002_R2_001	24.348083784021966	37.0	151.0	9.090909090909092	23251052.0
18170X103_200925_A00421_0244_AHKML5DSXY_S123_L002_R1_001	25.939238250578995	37.0	151.0	9.090909090909092	24844181.0
18170X103_200925_A00421_0244_AHKML5DSXY_S123_L002_R2_001	23.987547981935364	38.0	151.0	9.090909090909092	24844181.0
18170X104_200925_A00421_0244_AHKML5DSXY_S124_L002_R1_001	25.704655164961693	37.0	151.0	9.090909090909092	24912538.0
18170X104_200925_A00421_0244_AHKML5DSXY_S124_L002_R2_001	24.266368141078246	38.0	151.0	9.090909090909092	24912538.0
18170X105_200925_A00421_0244_AHKML5DSXY_S125_L002_R1_001	26.45166543056635	37.0	151.0	9.090909090909092	17451012.0
18170X105_200925_A00421_0244_AHKML5DSXY_S125_L002_R2_001	25.827125464963075	37.0	151.0	9.090909090909092	17451012.0
18170X106_200925_A00421_0244_AHKML5DSXY_S126_L002_R1_001	23.40534372557802	37.0	151.0	9.090909090909092	15597066.0
18170X106_200925_A00421_0244_AHKML5DSXY_S126_L002_R2_001	21.285909646282946	38.0	151.0	9.090909090909092	15597066.0
18170X107_200925_A00421_0244_AHKML5DSXY_S127_L002_R1_001	26.495188833545797	37.0	151.0	9.090909090909092	27082319.0
18170X107_200925_A00421_0244_AHKML5DSXY_S127_L002_R2_001	24.954407117540228	38.0	151.0	9.090909090909092	27082319.0
18170X108_200925_A00421_0244_AHKML5DSXY_S128_L002_R1_001	26.58766329553744	37.0	151.0	9.090909090909092	21762293.0
18170X108_200925_A00421_0244_AHKML5DSXY_S128_L002_R2_001	25.208547312873904	37.0	151.0	9.090909090909092	21762293.0
18170X109_200925_A00421_0244_AHKML5DSXY_S129_L002_R1_001	24.82060914381212	37.0	151.0	9.090909090909092	18843058.0
18170X109_200925_A00421_0244_AHKML5DSXY_S129_L002_R2_001	23.42717121957692	37.0	151.0	9.090909090909092	18843058.0
18170X10_200925_A00421_0244_AHKML5DSXY_S30_L002_R1_001	26.73204733186347	37.0	151.0	9.090909090909092	22290944.0
18170X10_200925_A00421_0244_AHKML5DSXY_S30_L002_R2_001	25.3371560100601	37.0	151.0	9.090909090909092	22290944.0
18170X110_200925_A00421_0244_AHKML5DSXY_S130_L002_R1_001	26.665299118907924	37.0	151.0	9.090909090909092	28072967.0
18170X110_200925_A00421_0244_AHKML5DSXY_S130_L002_R2_001	25.209333945134176	38.0	151.0	9.090909090909092	28072967.0
18170X111_200925_A00421_0244_AHKML5DSXY_S131_L002_R1_001	26.76923899968142	37.0	151.0	9.090909090909092	21473951.0
18170X111_200925_A00421_0244_AHKML5DSXY_S131_L002_R2_001	25.27605262828216	37.0	151.0	9.090909090909092	21473951.0
18170X112_200925_A00421_0244_AHKML5DSXY_S132_L002_R1_001	26.979247999265965	37.0	151.0	9.090909090909092	23239883.0
18170X112_200925_A00421_0244_AHKML5DSXY_S132_L002_R2_001	25.962347646128023	37.0	151.0	9.090909090909092	23239883.0
18170X113_200925_A00421_0244_AHKML5DSXY_S133_L002_R1_001	24.81688249778435	37.0	151.0	9.090909090909092	18899872.0
18170X113_200925_A00421_0244_AHKML5DSXY_S133_L002_R2_001	23.493881297008443	37.0	151.0	9.090909090909092	18899872.0
18170X114_200925_A00421_0244_AHKML5DSXY_S134_L002_R1_001	24.99430244926198	37.0	151.0	9.090909090909092	20115915.0
18170X114_200925_A00421_0244_AHKML5DSXY_S134_L002_R2_001	23.340403887364488	38.0	151.0	9.090909090909092	20115915.0
18170X115_200925_A00421_0244_AHKML5DSXY_S135_L002_R1_001	24.75168071929204	37.0	151.0	9.090909090909092	20856576.0
18170X115_200925_A00421_0244_AHKML5DSXY_S135_L002_R2_001	24.13239338452297	38.0	151.0	9.090909090909092	20856576.0
18170X116_200925_A00421_0244_AHKML5DSXY_S136_L002_R1_001	24.93253497179373	37.0	151.0	9.090909090909092	20094881.0
18170X116_200925_A00421_0244_AHKML5DSXY_S136_L002_R2_001	25.764925419180287	38.0	151.0	9.090909090909092	20094881.0
18170X117_200925_A00421_0244_AHKML5DSXY_S137_L002_R1_001	24.182490760519897	37.0	151.0	9.090909090909092	22552883.0
18170X117_200925_A00421_0244_AHKML5DSXY_S137_L002_R2_001	23.990541991385143	38.0	151.0	9.090909090909092	22552883.0
18170X118_200925_A00421_0244_AHKML5DSXY_S138_L002_R1_001	25.208834992707224	37.0	151.0	9.090909090909092	21635874.0
18170X118_200925_A00421_0244_AHKML5DSXY_S138_L002_R2_001	23.57493423434839	37.0	151.0	9.090909090909092	21635874.0
18170X119_200925_A00421_0244_AHKML5DSXY_S139_L002_R1_001	26.462670962541083	37.0	151.0	9.090909090909092	21702139.0
18170X119_200925_A00421_0244_AHKML5DSXY_S139_L002_R2_001	25.085192213323865	37.0	151.0	9.090909090909092	21702139.0
18170X11_200925_A00421_0244_AHKML5DSXY_S31_L002_R1_001	24.83662543794378	37.0	151.0	9.090909090909092	22213247.0
18170X11_200925_A00421_0244_AHKML5DSXY_S31_L002_R2_001	24.157157163481216	37.0	151.0	9.090909090909092	22213247.0
18170X120_200925_A00421_0244_AHKML5DSXY_S140_L002_R1_001	24.07927175654727	37.0	151.0	9.090909090909092	20960209.0
18170X120_200925_A00421_0244_AHKML5DSXY_S140_L002_R2_001	23.193882781013244	38.0	151.0	9.090909090909092	20960209.0
18170X121_200925_A00421_0244_AHKML5DSXY_S141_L002_R1_001	28.35054617359718	37.0	151.0	9.090909090909092	24902635.0
18170X121_200925_A00421_0244_AHKML5DSXY_S141_L002_R2_001	27.030674808618997	38.0	151.0	9.090909090909092	24902635.0
18170X122_200925_A00421_0244_AHKML5DSXY_S142_L002_R1_001	24.249849658666335	37.0	151.0	9.090909090909092	22201416.0
18170X122_200925_A00421_0244_AHKML5DSXY_S142_L002_R2_001	23.4017277426031	38.0	151.0	9.090909090909092	22201416.0
18170X123_200925_A00421_0244_AHKML5DSXY_S143_L002_R1_001	28.621471966182142	37.0	151.0	9.090909090909092	26100267.0
18170X123_200925_A00421_0244_AHKML5DSXY_S143_L002_R2_001	26.133817770474735	38.0	151.0	9.090909090909092	26100267.0
18170X124_200925_A00421_0244_AHKML5DSXY_S144_L002_R1_001	25.72798015898647	37.0	151.0	9.090909090909092	23629970.0
18170X124_200925_A00421_0244_AHKML5DSXY_S144_L002_R2_001	23.77511909582769	38.0	151.0	9.090909090909092	23629970.0
18170X125_200925_A00421_0244_AHKML5DSXY_S145_L002_R1_001	27.45359738194938	37.0	151.0	9.090909090909092	22616792.0
18170X125_200925_A00421_0244_AHKML5DSXY_S145_L002_R2_001	25.72041442184583	37.0	151.0	9.090909090909092	22616792.0
18170X126_200925_A00421_0244_AHKML5DSXY_S146_L002_R1_001	24.339473054401353	37.0	151.0	9.090909090909092	22217607.0
18170X126_200925_A00421_0244_AHKML5DSXY_S146_L002_R2_001	24.243243129686732	38.0	151.0	9.090909090909092	22217607.0
18170X127_200925_A00421_0244_AHKML5DSXY_S147_L002_R1_001	24.386945856543903	37.0	151.0	9.090909090909092	21223069.0
18170X127_200925_A00421_0244_AHKML5DSXY_S147_L002_R2_001	23.608665343092454	38.0	151.0	9.090909090909092	21223069.0
18170X128_200925_A00421_0244_AHKML5DSXY_S148_L002_R1_001	24.175935742258943	37.0	151.0	9.090909090909092	22089174.0
18170X128_200925_A00421_0244_AHKML5DSXY_S148_L002_R2_001	23.085083857416492	38.0	151.0	9.090909090909092	22089174.0
18170X129_200925_A00421_0244_AHKML5DSXY_S149_L002_R1_001	26.332217283992705	37.0	151.0	9.090909090909092	23776231.0
18170X129_200925_A00421_0244_AHKML5DSXY_S149_L002_R2_001	24.49727241501138	37.0	151.0	9.090909090909092	23776231.0
18170X12_200925_A00421_0244_AHKML5DSXY_S32_L002_R1_001	24.997930317590473	37.0	151.0	9.090909090909092	22401190.0
18170X12_200925_A00421_0244_AHKML5DSXY_S32_L002_R2_001	24.091543703711764	38.0	151.0	9.090909090909092	22401190.0
18170X130_200925_A00421_0244_AHKML5DSXY_S150_L002_R1_001	27.93322510238508	37.0	151.0	9.090909090909092	27402845.0
18170X130_200925_A00421_0244_AHKML5DSXY_S150_L002_R2_001	26.10741497613259	38.0	151.0	9.090909090909092	27402845.0
18170X131_200925_A00421_0244_AHKML5DSXY_S151_L002_R1_001	26.542694645293537	37.0	151.0	9.090909090909092	28884719.0
18170X131_200925_A00421_0244_AHKML5DSXY_S151_L002_R2_001	25.844527090812193	38.0	151.0	9.090909090909092	28884719.0
18170X132_200925_A00421_0244_AHKML5DSXY_S152_L002_R1_001	26.36887735163505	37.0	151.0	9.090909090909092	23202644.0
18170X132_200925_A00421_0244_AHKML5DSXY_S152_L002_R2_001	25.696021999536526	38.0	151.0	9.090909090909092	23202644.0
18170X133_200925_A00421_0244_AHKML5DSXY_S153_L002_R1_001	26.14997397718011	37.0	151.0	9.090909090909092	20417353.0
18170X133_200925_A00421_0244_AHKML5DSXY_S153_L002_R2_001	24.937125970752504	37.0	151.0	9.090909090909092	20417353.0
18170X134_200925_A00421_0244_AHKML5DSXY_S154_L002_R1_001	26.1057462579263	37.0	151.0	9.090909090909092	19215392.0
18170X134_200925_A00421_0244_AHKML5DSXY_S154_L002_R2_001	24.78999323773614	38.0	151.0	9.090909090909092	19215392.0
18170X135_200925_A00421_0244_AHKML5DSXY_S155_L002_R1_001	23.943743819948068	37.0	151.0	9.090909090909092	19397147.0
18170X135_200925_A00421_0244_AHKML5DSXY_S155_L002_R2_001	23.035066470573312	38.0	151.0	9.090909090909092	19397147.0
18170X136_200925_A00421_0244_AHKML5DSXY_S156_L002_R1_001	25.408572478765933	37.0	151.0	9.090909090909092	19962438.0
18170X136_200925_A00421_0244_AHKML5DSXY_S156_L002_R2_001	24.068216174641137	38.0	151.0	9.090909090909092	19962438.0
18170X137_200925_A00421_0244_AHKML5DSXY_S157_L002_R1_001	24.486305478423944	37.0	151.0	9.090909090909092	21169021.0
18170X137_200925_A00421_0244_AHKML5DSXY_S157_L002_R2_001	23.472261536885696	38.0	151.0	9.090909090909092	21169021.0
18170X138_200925_A00421_0244_AHKML5DSXY_S158_L002_R1_001	23.93060895063263	37.0	151.0	9.090909090909092	16474778.0
18170X138_200925_A00421_0244_AHKML5DSXY_S158_L002_R2_001	23.78035381530789	38.0	151.0	9.090909090909092	16474778.0
18170X139_200925_A00421_0244_AHKML5DSXY_S159_L002_R1_001	26.14265287127668	37.0	151.0	9.090909090909092	22562634.0
18170X139_200925_A00421_0244_AHKML5DSXY_S159_L002_R2_001	24.57757431425118	38.0	151.0	9.090909090909092	22562634.0
18170X13_200925_A00421_0244_AHKML5DSXY_S33_L002_R1_001	26.39193931370822	37.0	151.0	9.090909090909092	24328136.0
18170X13_200925_A00421_0244_AHKML5DSXY_S33_L002_R2_001	25.264653222023014	37.0	151.0	9.090909090909092	24328136.0
18170X140_200925_A00421_0244_AHKML5DSXY_S160_L002_R1_001	26.462583580271243	37.0	151.0	9.090909090909092	27078373.0
18170X140_200925_A00421_0244_AHKML5DSXY_S160_L002_R2_001	13.83067043800844	38.0	151.0	9.090909090909092	27078373.0
18170X14_200925_A00421_0244_AHKML5DSXY_S34_L002_R1_001	25.530243662436803	37.0	151.0	9.090909090909092	21152439.0
18170X14_200925_A00421_0244_AHKML5DSXY_S34_L002_R2_001	23.836727876081625	37.0	151.0	9.090909090909092	21152439.0
18170X15_200925_A00421_0244_AHKML5DSXY_S35_L002_R1_001	24.415365587954767	37.0	151.0	9.090909090909092	21549105.0
18170X15_200925_A00421_0244_AHKML5DSXY_S35_L002_R2_001	23.427756885614485	37.0	151.0	9.090909090909092	21549105.0
18170X16_200925_A00421_0244_AHKML5DSXY_S36_L002_R1_001	24.081370006487205	37.0	151.0	9.090909090909092	15406306.0
18170X16_200925_A00421_0244_AHKML5DSXY_S36_L002_R2_001	23.000393402306102	37.0	151.0	9.090909090909092	15406306.0
18170X17_200925_A00421_0244_AHKML5DSXY_S37_L002_R1_001	26.104352612268656	37.0	151.0	9.090909090909092	19805947.0
18170X17_200925_A00421_0244_AHKML5DSXY_S37_L002_R2_001	24.934018892900056	37.0	151.0	9.090909090909092	19805947.0
18170X18_200925_A00421_0244_AHKML5DSXY_S38_L002_R1_001	24.106541445904625	37.0	151.0	9.090909090909092	20187000.0
18170X18_200925_A00421_0244_AHKML5DSXY_S38_L002_R2_001	22.806014518696557	37.0	151.0	9.090909090909092	20187000.0
18170X19_200925_A00421_0244_AHKML5DSXY_S39_L002_R1_001	24.338388921416055	37.0	151.0	9.090909090909092	23040430.0
18170X19_200925_A00421_0244_AHKML5DSXY_S39_L002_R2_001	23.67100610112813	38.0	151.0	9.090909090909092	23040430.0
18170X1_200925_A00421_0244_AHKML5DSXY_S21_L002_R1_001	25.730248269430504	37.0	151.0	9.090909090909092	22838231.0
18170X1_200925_A00421_0244_AHKML5DSXY_S21_L002_R2_001	24.56194742124076	37.0	151.0	9.090909090909092	22838231.0
18170X20_200925_A00421_0244_AHKML5DSXY_S40_L002_R1_001	24.070984323361486	37.0	151.0	9.090909090909092	22542487.0
18170X20_200925_A00421_0244_AHKML5DSXY_S40_L002_R2_001	23.594777873195753	37.0	151.0	9.090909090909092	22542487.0
18170X21_200925_A00421_0244_AHKML5DSXY_S41_L002_R1_001	25.756441781048338	37.0	151.0	9.090909090909092	20588898.0
18170X21_200925_A00421_0244_AHKML5DSXY_S41_L002_R2_001	24.848426092242747	38.0	151.0	9.090909090909092	20588898.0
18170X22_200925_A00421_0244_AHKML5DSXY_S42_L002_R1_001	26.73506714887756	37.0	151.0	9.090909090909092	22292912.0
18170X22_200925_A00421_0244_AHKML5DSXY_S42_L002_R2_001	25.367492106680473	38.0	151.0	9.090909090909092	22292912.0
18170X23_200925_A00421_0244_AHKML5DSXY_S43_L002_R1_001	27.74598971451978	37.0	151.0	9.090909090909092	23584343.0
18170X23_200925_A00421_0244_AHKML5DSXY_S43_L002_R2_001	26.456726296376132	37.0	151.0	9.090909090909092	23584343.0
18170X24_200925_A00421_0244_AHKML5DSXY_S44_L002_R1_001	27.336891107037488	37.0	151.0	9.090909090909092	21376993.0
18170X24_200925_A00421_0244_AHKML5DSXY_S44_L002_R2_001	26.414351374738672	37.0	151.0	9.090909090909092	21376993.0
18170X25_200925_A00421_0244_AHKML5DSXY_S45_L002_R1_001	25.016838211724917	37.0	151.0	9.090909090909092	19276629.0
18170X25_200925_A00421_0244_AHKML5DSXY_S45_L002_R2_001	24.037322810213354	37.0	151.0	9.090909090909092	19276629.0
18170X26_200925_A00421_0244_AHKML5DSXY_S46_L002_R1_001	27.520899663462913	37.0	151.0	9.090909090909092	25108297.0
18170X26_200925_A00421_0244_AHKML5DSXY_S46_L002_R2_001	24.819917904999002	37.0	151.0	9.090909090909092	25108297.0
18170X27_200925_A00421_0244_AHKML5DSXY_S47_L002_R1_001	26.138864207828377	37.0	151.0	9.090909090909092	20853225.0
18170X27_200925_A00421_0244_AHKML5DSXY_S47_L002_R2_001	24.438193282778315	37.0	151.0	9.090909090909092	20853225.0
18170X28_200925_A00421_0244_AHKML5DSXY_S48_L002_R1_001	29.116195555645547	37.0	151.0	9.090909090909092	28239832.0
18170X28_200925_A00421_0244_AHKML5DSXY_S48_L002_R2_001	27.68804306265288	38.0	151.0	9.090909090909092	28239832.0
18170X29_200925_A00421_0244_AHKML5DSXY_S49_L002_R1_001	25.153592835542867	37.0	151.0	9.090909090909092	19141549.0
18170X29_200925_A00421_0244_AHKML5DSXY_S49_L002_R2_001	24.24422552566807	37.0	151.0	9.090909090909092	19141549.0
18170X2_200925_A00421_0244_AHKML5DSXY_S22_L002_R1_001	25.61641080887857	37.0	151.0	9.090909090909092	23225449.0
18170X2_200925_A00421_0244_AHKML5DSXY_S22_L002_R2_001	24.008779250199424	37.0	151.0	9.090909090909092	23225449.0
18170X30_200925_A00421_0244_AHKML5DSXY_S50_L002_R1_001	26.233626447222818	37.0	151.0	9.090909090909092	25232879.0
18170X30_200925_A00421_0244_AHKML5DSXY_S50_L002_R2_001	24.81319322122887	37.0	151.0	9.090909090909092	25232879.0
18170X31_200925_A00421_0244_AHKML5DSXY_S51_L002_R1_001	25.755858786289878	37.0	151.0	9.090909090909092	27692798.0
18170X31_200925_A00421_0244_AHKML5DSXY_S51_L002_R2_001	25.577314997378423	37.0	151.0	9.090909090909092	27692798.0
18170X32_200925_A00421_0244_AHKML5DSXY_S52_L002_R1_001	25.04754489688824	37.0	151.0	9.090909090909092	21233538.0
18170X32_200925_A00421_0244_AHKML5DSXY_S52_L002_R2_001	23.891346126163114	37.0	151.0	9.090909090909092	21233538.0
18170X33_200925_A00421_0244_AHKML5DSXY_S53_L002_R1_001	24.116033068495128	37.0	151.0	9.090909090909092	18259249.0
18170X33_200925_A00421_0244_AHKML5DSXY_S53_L002_R2_001	22.781584607221887	37.0	151.0	9.090909090909092	18259249.0
18170X34_200925_A00421_0244_AHKML5DSXY_S54_L002_R1_001	26.571087058669136	37.0	151.0	9.090909090909092	22082728.0
18170X34_200925_A00421_0244_AHKML5DSXY_S54_L002_R2_001	24.856170776423042	37.0	151.0	9.090909090909092	22082728.0
18170X35_200925_A00421_0244_AHKML5DSXY_S55_L002_R1_001	25.02174842579481	37.0	151.0	9.090909090909092	16744776.0
18170X35_200925_A00421_0244_AHKML5DSXY_S55_L002_R2_001	23.779158985474908	37.0	151.0	9.090909090909092	16744776.0
18170X36_200925_A00421_0244_AHKML5DSXY_S56_L002_R1_001	27.023143053599483	37.0	151.0	9.090909090909092	25284328.0
18170X36_200925_A00421_0244_AHKML5DSXY_S56_L002_R2_001	25.143480199436112	37.0	151.0	9.090909090909092	25284328.0
18170X37_200925_A00421_0244_AHKML5DSXY_S57_L002_R1_001	24.665858255643997	37.0	151.0	9.090909090909092	23252404.0
18170X37_200925_A00421_0244_AHKML5DSXY_S57_L002_R2_001	23.777731814274134	37.0	151.0	9.090909090909092	23252404.0
18170X38_200925_A00421_0244_AHKML5DSXY_S58_L002_R1_001	25.962843073840247	37.0	151.0	9.090909090909092	23481080.0
18170X38_200925_A00421_0244_AHKML5DSXY_S58_L002_R2_001	25.29316236968829	37.0	151.0	9.090909090909092	23481080.0
18170X39_200925_A00421_0244_AHKML5DSXY_S59_L002_R1_001	24.79906331838376	37.0	151.0	9.090909090909092	23169380.0
18170X39_200925_A00421_0244_AHKML5DSXY_S59_L002_R2_001	23.298699844024085	38.0	151.0	9.090909090909092	23169380.0
18170X3_200925_A00421_0244_AHKML5DSXY_S23_L002_R1_001	26.86996961968711	37.0	151.0	9.090909090909092	19857029.0
18170X3_200925_A00421_0244_AHKML5DSXY_S23_L002_R2_001	25.730980308017976	37.0	151.0	9.090909090909092	19857029.0
18170X40_200925_A00421_0244_AHKML5DSXY_S60_L002_R1_001	25.54170039757932	37.0	151.0	9.090909090909092	22800328.0
18170X40_200925_A00421_0244_AHKML5DSXY_S60_L002_R2_001	23.737476140146356	37.0	151.0	9.090909090909092	22800328.0
18170X41_200925_A00421_0244_AHKML5DSXY_S61_L002_R1_001	26.61873579678074	37.0	151.0	9.090909090909092	17747961.0
18170X41_200925_A00421_0244_AHKML5DSXY_S61_L002_R2_001	25.559604536758854	37.0	151.0	9.090909090909092	17747961.0
18170X42_200925_A00421_0244_AHKML5DSXY_S62_L002_R1_001	24.23211851348313	37.0	151.0	9.090909090909092	20699078.0
18170X42_200925_A00421_0244_AHKML5DSXY_S62_L002_R2_001	22.39108855486934	38.0	151.0	9.090909090909092	20699078.0
18170X43_200925_A00421_0244_AHKML5DSXY_S63_L002_R1_001	23.98846115762646	37.0	151.0	9.090909090909092	16501036.0
18170X43_200925_A00421_0244_AHKML5DSXY_S63_L002_R2_001	24.056630962993637	37.0	151.0	9.090909090909092	16501036.0
18170X44_200925_A00421_0244_AHKML5DSXY_S64_L002_R1_001	22.924787988232268	37.0	151.0	9.090909090909092	21544183.0
18170X44_200925_A00421_0244_AHKML5DSXY_S64_L002_R2_001	24.448649581308544	37.0	151.0	9.090909090909092	21544183.0
18170X45_200925_A00421_0244_AHKML5DSXY_S65_L002_R1_001	24.31937534433773	37.0	151.0	9.090909090909092	18128727.0
18170X45_200925_A00421_0244_AHKML5DSXY_S65_L002_R2_001	23.123975203551353	37.0	151.0	9.090909090909092	18128727.0
18170X46_200925_A00421_0244_AHKML5DSXY_S66_L002_R1_001	24.320444760195485	37.0	151.0	9.090909090909092	14574587.0
18170X46_200925_A00421_0244_AHKML5DSXY_S66_L002_R2_001	23.52050811811675	37.0	151.0	9.090909090909092	14574587.0
18170X47_200925_A00421_0244_AHKML5DSXY_S67_L002_R1_001	25.359400480428178	37.0	151.0	9.090909090909092	19269807.0
18170X47_200925_A00421_0244_AHKML5DSXY_S67_L002_R2_001	24.368366003878137	37.0	151.0	9.090909090909092	19269807.0
18170X48_200925_A00421_0244_AHKML5DSXY_S68_L002_R1_001	26.00597627122542	37.0	151.0	9.090909090909092	19844867.0
18170X48_200925_A00421_0244_AHKML5DSXY_S68_L002_R2_001	24.852852787045677	37.0	151.0	9.090909090909092	19844867.0
18170X49_200925_A00421_0244_AHKML5DSXY_S69_L002_R1_001	25.173980705346096	37.0	151.0	9.090909090909092	23284914.0
18170X49_200925_A00421_0244_AHKML5DSXY_S69_L002_R2_001	22.685938054990203	38.0	151.0	9.090909090909092	23284914.0
18170X4_200925_A00421_0244_AHKML5DSXY_S24_L002_R1_001	26.6145232229769	37.0	151.0	9.090909090909092	25716619.0
18170X4_200925_A00421_0244_AHKML5DSXY_S24_L002_R2_001	25.240536531316053	38.0	151.0	9.090909090909092	25716619.0
18170X50_200925_A00421_0244_AHKML5DSXY_S70_L002_R1_001	25.833801191067195	37.0	151.0	9.090909090909092	22970022.0
18170X50_200925_A00421_0244_AHKML5DSXY_S70_L002_R2_001	23.39431948734895	38.0	151.0	9.090909090909092	22970022.0
18170X51_200925_A00421_0244_AHKML5DSXY_S71_L002_R1_001	25.29350840374026	37.0	151.0	9.090909090909092	20233447.0
18170X51_200925_A00421_0244_AHKML5DSXY_S71_L002_R2_001	24.702513749361472	37.0	151.0	9.090909090909092	20233447.0
18170X52_200925_A00421_0244_AHKML5DSXY_S72_L002_R1_001	26.044805426767937	37.0	151.0	9.090909090909092	27419878.0
18170X52_200925_A00421_0244_AHKML5DSXY_S72_L002_R2_001	24.170571767205885	37.0	151.0	9.090909090909092	27419878.0
18170X53_200925_A00421_0244_AHKML5DSXY_S73_L002_R1_001	25.16691721753142	37.0	151.0	9.090909090909092	24348595.0
18170X53_200925_A00421_0244_AHKML5DSXY_S73_L002_R2_001	23.894218778066673	37.0	151.0	9.090909090909092	24348595.0
18170X54_200925_A00421_0244_AHKML5DSXY_S74_L002_R1_001	27.265201145778732	37.0	151.0	9.090909090909092	23903676.0
18170X54_200925_A00421_0244_AHKML5DSXY_S74_L002_R2_001	26.17996721055897	37.0	151.0	9.090909090909092	23903676.0
18170X55_200925_A00421_0244_AHKML5DSXY_S75_L002_R1_001	26.67300909198579	37.0	151.0	9.090909090909092	24847601.0
18170X55_200925_A00421_0244_AHKML5DSXY_S75_L002_R2_001	24.658192027159572	37.0	151.0	9.090909090909092	24847601.0
18170X56_200925_A00421_0244_AHKML5DSXY_S76_L002_R1_001	25.719230880120904	37.0	151.0	9.090909090909092	24483601.0
18170X56_200925_A00421_0244_AHKML5DSXY_S76_L002_R2_001	24.005935102251797	37.0	151.0	9.090909090909092	24483601.0
18170X57_200925_A00421_0244_AHKML5DSXY_S77_L002_R1_001	26.08050920094857	37.0	151.0	9.090909090909092	22759206.0
18170X57_200925_A00421_0244_AHKML5DSXY_S77_L002_R2_001	23.287912483688274	38.0	151.0	9.090909090909092	22759206.0
18170X58_200925_A00421_0244_AHKML5DSXY_S78_L002_R1_001	26.07285917842175	37.0	151.0	9.090909090909092	26292081.0
18170X58_200925_A00421_0244_AHKML5DSXY_S78_L002_R2_001	23.78112635198042	38.0	151.0	9.090909090909092	26292081.0
18170X59_200925_A00421_0244_AHKML5DSXY_S79_L002_R1_001	26.877178388169057	37.0	151.0	9.090909090909092	25118400.0
18170X59_200925_A00421_0244_AHKML5DSXY_S79_L002_R2_001	23.899907834619796	38.0	151.0	9.090909090909092	25118400.0
18170X5_200925_A00421_0244_AHKML5DSXY_S25_L002_R1_001	25.520648069201428	37.0	151.0	9.090909090909092	17590700.0
18170X5_200925_A00421_0244_AHKML5DSXY_S25_L002_R2_001	23.826982314066285	37.0	151.0	9.090909090909092	17590700.0
18170X60_200925_A00421_0244_AHKML5DSXY_S80_L002_R1_001	27.05550095388702	37.0	151.0	9.090909090909092	29849380.0
18170X60_200925_A00421_0244_AHKML5DSXY_S80_L002_R2_001	23.491726428325535	38.0	151.0	9.090909090909092	29849380.0
18170X61_200925_A00421_0244_AHKML5DSXY_S81_L002_R1_001	24.56648612763489	37.0	151.0	9.090909090909092	19234080.0
18170X61_200925_A00421_0244_AHKML5DSXY_S81_L002_R2_001	21.924181321988684	38.0	151.0	9.090909090909092	19234080.0
18170X62_200925_A00421_0244_AHKML5DSXY_S82_L002_R1_001	25.761762336779938	37.0	151.0	9.090909090909092	23055877.0
18170X62_200925_A00421_0244_AHKML5DSXY_S82_L002_R2_001	23.64843480989471	38.0	151.0	9.090909090909092	23055877.0
18170X63_200925_A00421_0244_AHKML5DSXY_S83_L002_R1_001	26.42870106777032	37.0	151.0	9.090909090909092	25613112.0
18170X63_200925_A00421_0244_AHKML5DSXY_S83_L002_R2_001	26.203152638972583	38.0	151.0	9.090909090909092	25613112.0
18170X64_200925_A00421_0244_AHKML5DSXY_S84_L002_R1_001	25.784001144430263	37.0	151.0	9.090909090909092	21005397.0
18170X64_200925_A00421_0244_AHKML5DSXY_S84_L002_R2_001	23.93509825477895	37.0	151.0	9.090909090909092	21005397.0
18170X65_200925_A00421_0244_AHKML5DSXY_S85_L002_R1_001	26.728308293614674	37.0	151.0	9.090909090909092	24862346.0
18170X65_200925_A00421_0244_AHKML5DSXY_S85_L002_R2_001	24.02097144102092	37.0	151.0	9.090909090909092	24862346.0
18170X66_200925_A00421_0244_AHKML5DSXY_S86_L002_R1_001	25.044176985555794	37.0	151.0	9.090909090909092	21824551.0
18170X66_200925_A00421_0244_AHKML5DSXY_S86_L002_R2_001	24.158826236443744	37.0	151.0	9.090909090909092	21824551.0
18170X67_200925_A00421_0244_AHKML5DSXY_S87_L002_R1_001	25.44227117026857	37.0	151.0	9.090909090909092	23885715.0
18170X67_200925_A00421_0244_AHKML5DSXY_S87_L002_R2_001	23.530103600081645	38.0	151.0	9.090909090909092	23885715.0
18170X68_200925_A00421_0244_AHKML5DSXY_S88_L002_R1_001	24.466854670134964	37.0	151.0	9.090909090909092	26547040.0
18170X68_200925_A00421_0244_AHKML5DSXY_S88_L002_R2_001	24.588747536334623	37.0	151.0	9.090909090909092	26547040.0
18170X69_200925_A00421_0244_AHKML5DSXY_S89_L002_R1_001	29.562635436881095	37.0	151.0	9.090909090909092	26706522.0
18170X69_200925_A00421_0244_AHKML5DSXY_S89_L002_R2_001	28.330189810300823	38.0	151.0	9.090909090909092	26706522.0
18170X6_200925_A00421_0244_AHKML5DSXY_S26_L002_R1_001	26.649883929852862	37.0	151.0	9.090909090909092	29694165.0
18170X6_200925_A00421_0244_AHKML5DSXY_S26_L002_R2_001	25.72450334547331	37.0	151.0	9.090909090909092	29694165.0
18170X70_200925_A00421_0244_AHKML5DSXY_S90_L002_R1_001	26.022988361224606	37.0	151.0	9.090909090909092	22825050.0
18170X70_200925_A00421_0244_AHKML5DSXY_S90_L002_R2_001	23.77483757543584	38.0	151.0	9.090909090909092	22825050.0
18170X71_200925_A00421_0244_AHKML5DSXY_S91_L002_R1_001	26.84008165585763	37.0	151.0	9.090909090909092	25230984.0
18170X71_200925_A00421_0244_AHKML5DSXY_S91_L002_R2_001	24.568558262325638	37.0	151.0	9.090909090909092	25230984.0
18170X72_200925_A00421_0244_AHKML5DSXY_S92_L002_R1_001	25.201592470274775	37.0	151.0	9.090909090909092	19451555.0
18170X72_200925_A00421_0244_AHKML5DSXY_S92_L002_R2_001	24.466896655177266	38.0	151.0	9.090909090909092	19451555.0
18170X73_200925_A00421_0244_AHKML5DSXY_S93_L002_R1_001	24.848656063474877	37.0	151.0	9.090909090909092	18693627.0
18170X73_200925_A00421_0244_AHKML5DSXY_S93_L002_R2_001	24.063989663266312	37.0	151.0	9.090909090909092	18693627.0
18170X74_200925_A00421_0244_AHKML5DSXY_S94_L002_R1_001	26.56965007519969	37.0	151.0	9.090909090909092	22862964.0
18170X74_200925_A00421_0244_AHKML5DSXY_S94_L002_R2_001	25.296117685419063	37.0	151.0	9.090909090909092	22862964.0
18170X75_200925_A00421_0244_AHKML5DSXY_S95_L002_R1_001	25.321740715332652	37.0	151.0	9.090909090909092	22789686.0
18170X75_200925_A00421_0244_AHKML5DSXY_S95_L002_R2_001	23.24978705960909	38.0	151.0	9.090909090909092	22789686.0
18170X76_200925_A00421_0244_AHKML5DSXY_S96_L002_R1_001	24.883074348304817	37.0	151.0	9.090909090909092	23701702.0
18170X76_200925_A00421_0244_AHKML5DSXY_S96_L002_R2_001	24.359680894452055	38.0	151.0	9.090909090909092	23701702.0
18170X77_200925_A00421_0244_AHKML5DSXY_S97_L002_R1_001	23.769504045363604	37.0	151.0	9.090909090909092	21777291.0
18170X77_200925_A00421_0244_AHKML5DSXY_S97_L002_R2_001	23.490690152800042	38.0	151.0	9.090909090909092	21777291.0
18170X78_200925_A00421_0244_AHKML5DSXY_S98_L002_R1_001	26.86943780997312	37.0	151.0	9.090909090909092	28759324.0
18170X78_200925_A00421_0244_AHKML5DSXY_S98_L002_R2_001	24.85305604965575	37.0	151.0	9.090909090909092	28759324.0
18170X79_200925_A00421_0244_AHKML5DSXY_S99_L002_R1_001	24.077362969710123	37.0	151.0	9.090909090909092	19701933.0
18170X79_200925_A00421_0244_AHKML5DSXY_S99_L002_R2_001	22.790389703723108	37.0	151.0	9.090909090909092	19701933.0
18170X7_200925_A00421_0244_AHKML5DSXY_S27_L002_R1_001	27.81603081946706	37.0	151.0	9.090909090909092	24964815.0
18170X7_200925_A00421_0244_AHKML5DSXY_S27_L002_R2_001	26.471852124826142	37.0	151.0	9.090909090909092	24964815.0
18170X80_200925_A00421_0244_AHKML5DSXY_S100_L002_R1_001	25.04461707448155	37.0	151.0	9.090909090909092	19766990.0
18170X80_200925_A00421_0244_AHKML5DSXY_S100_L002_R2_001	22.645839730411993	38.0	151.0	9.090909090909092	19766990.0
18170X81_200925_A00421_0244_AHKML5DSXY_S101_L002_R1_001	26.598889156559963	37.0	151.0	9.090909090909092	24441624.0
18170X81_200925_A00421_0244_AHKML5DSXY_S101_L002_R2_001	24.204450117060844	38.0	151.0	9.090909090909092	24441624.0
18170X82_200925_A00421_0244_AHKML5DSXY_S102_L002_R1_001	25.47246328697787	37.0	151.0	9.090909090909092	23843743.0
18170X82_200925_A00421_0244_AHKML5DSXY_S102_L002_R2_001	22.897688169750793	37.0	151.0	9.090909090909092	23843743.0
18170X83_200925_A00421_0244_AHKML5DSXY_S103_L002_R1_001	25.32664278901335	37.0	151.0	9.090909090909092	23816289.0
18170X83_200925_A00421_0244_AHKML5DSXY_S103_L002_R2_001	21.99112468823499	37.0	151.0	9.090909090909092	23816289.0
18170X84_200925_A00421_0244_AHKML5DSXY_S104_L002_R1_001	25.410332692768307	37.0	151.0	9.090909090909092	26375404.0
18170X84_200925_A00421_0244_AHKML5DSXY_S104_L002_R2_001	23.343291152737905	38.0	151.0	9.090909090909092	26375404.0
18170X85_200925_A00421_0244_AHKML5DSXY_S105_L002_R1_001	25.98004783360463	37.0	151.0	9.090909090909092	27683769.0
18170X85_200925_A00421_0244_AHKML5DSXY_S105_L002_R2_001	22.118346921252083	38.0	151.0	9.090909090909092	27683769.0
18170X86_200925_A00421_0244_AHKML5DSXY_S106_L002_R1_001	22.756291418434344	37.0	151.0	9.090909090909092	23577585.0
18170X86_200925_A00421_0244_AHKML5DSXY_S106_L002_R2_001	21.859538826496447	37.0	151.0	9.090909090909092	23577585.0
18170X87_200925_A00421_0244_AHKML5DSXY_S107_L002_R1_001	25.560125501942693	37.0	151.0	9.090909090909092	22172766.0
18170X87_200925_A00421_0244_AHKML5DSXY_S107_L002_R2_001	22.686202019132168	38.0	151.0	9.090909090909092	22172766.0
18170X88_200925_A00421_0244_AHKML5DSXY_S108_L002_R1_001	25.67432185778972	37.0	151.0	9.090909090909092	25655158.0
18170X88_200925_A00421_0244_AHKML5DSXY_S108_L002_R2_001	24.034945459041538	38.0	151.0	9.090909090909092	25655158.0
18170X89_200925_A00421_0244_AHKML5DSXY_S109_L002_R1_001	23.5069117961706	37.0	151.0	9.090909090909092	18199377.0
18170X89_200925_A00421_0244_AHKML5DSXY_S109_L002_R2_001	22.775155907792666	37.0	151.0	9.090909090909092	18199377.0
18170X8_200925_A00421_0244_AHKML5DSXY_S28_L002_R1_001	27.66776319696426	37.0	151.0	9.090909090909092	30062575.0
18170X8_200925_A00421_0244_AHKML5DSXY_S28_L002_R2_001	26.311029241676962	37.0	151.0	9.090909090909092	30062575.0
18170X90_200925_A00421_0244_AHKML5DSXY_S110_L002_R1_001	26.24443149089616	37.0	151.0	9.090909090909092	21791060.0
18170X90_200925_A00421_0244_AHKML5DSXY_S110_L002_R2_001	24.498653737484005	37.0	151.0	9.090909090909092	21791060.0
18170X91_200925_A00421_0244_AHKML5DSXY_S111_L002_R1_001	24.64092617564117	37.0	151.0	9.090909090909092	27961858.0
18170X91_200925_A00421_0244_AHKML5DSXY_S111_L002_R2_001	22.94011146007597	38.0	151.0	9.090909090909092	27961858.0
18170X92_200925_A00421_0244_AHKML5DSXY_S112_L002_R1_001	23.66900515747774	37.0	151.0	9.090909090909092	25137166.0
18170X92_200925_A00421_0244_AHKML5DSXY_S112_L002_R2_001	25.24802903394429	37.0	151.0	9.090909090909092	25137166.0
18170X93_200925_A00421_0244_AHKML5DSXY_S113_L002_R1_001	25.230654449290967	37.0	151.0	9.090909090909092	27069735.0
18170X93_200925_A00421_0244_AHKML5DSXY_S113_L002_R2_001	24.593354946283625	37.0	151.0	9.090909090909092	27069735.0
18170X94_200925_A00421_0244_AHKML5DSXY_S114_L002_R1_001	25.34648078645317	37.0	151.0	9.090909090909092	23029947.0
18170X94_200925_A00421_0244_AHKML5DSXY_S114_L002_R2_001	24.300378880101576	37.0	151.0	9.090909090909092	23029947.0
18170X95_200925_A00421_0244_AHKML5DSXY_S115_L002_R1_001	24.479864925549762	37.0	151.0	9.090909090909092	16257049.0
18170X95_200925_A00421_0244_AHKML5DSXY_S115_L002_R2_001	23.19263253971431	37.0	151.0	9.090909090909092	16257049.0
18170X96_200925_A00421_0244_AHKML5DSXY_S116_L002_R1_001	25.03349618549406	38.0	151.0	9.090909090909092	21574857.0
18170X96_200925_A00421_0244_AHKML5DSXY_S116_L002_R2_001	24.66049990494436	38.0	151.0	9.090909090909092	21574857.0
18170X97_200925_A00421_0244_AHKML5DSXY_S117_L002_R1_001	23.90755348814278	37.0	151.0	9.090909090909092	15492554.0
18170X97_200925_A00421_0244_AHKML5DSXY_S117_L002_R2_001	23.521397851347103	38.0	151.0	9.090909090909092	15492554.0
18170X98_200925_A00421_0244_AHKML5DSXY_S118_L002_R1_001	25.534945719472645	37.0	151.0	9.090909090909092	19718922.0
18170X98_200925_A00421_0244_AHKML5DSXY_S118_L002_R2_001	24.194123572318745	38.0	151.0	9.090909090909092	19718922.0
18170X99_200925_A00421_0244_AHKML5DSXY_S119_L002_R1_001	24.64274200040819	37.0	151.0	9.090909090909092	22143040.0
18170X99_200925_A00421_0244_AHKML5DSXY_S119_L002_R2_001	23.67041995900314	38.0	151.0	9.090909090909092	22143040.0
18170X9_200925_A00421_0244_AHKML5DSXY_S29_L002_R1_001	26.69908770010005	37.0	151.0	9.090909090909092	24000945.0
18170X9_200925_A00421_0244_AHKML5DSXY_S29_L002_R2_001	25.37919679060161	38.0	151.0	9.090909090909092	24000945.0
