Exon 8 SNP, all in UTR
NW_022145605.15673597	8	8	6	10	5	4
NW_022145605.15673597	12	11	13	10	13	13
NW_022145605.15673633	8	8	6	0	7	0
NW_022145605.15673633	11	10	11	20	10	20
NW_022145605.15673739	8	8	5	8	5	3
NW_022145605.15673739	12	12	13	10	12	14
NW_022145605.15673756	7	7	9	4	7	7
NW_022145605.15673756	13	13	10	14	11	11
NW_022145605.15673758	4	4	4	4	1	3
NW_022145605.15673758	16	16	15	15	16	15
NW_022145605.15673798	2	4	2	3	3	1
NW_022145605.15673798	15	16	17	16	16	16
NW_022145605.15673845	2	2	1	2	0	2
NW_022145605.15673845	18	18	17	18	20	15
NW_022145605.15673869	3	2	2	2	0	2
NW_022145605.15673869	16	18	18	18	20	15
NW_022145605.15673910	7	9	7	10	7	0
NW_022145605.15673910	12	10	12	10	11	20
NW_022145605.15674027	7	9	6	10	5	3
NW_022145605.15674027	11	9	12	10	13	14
NW_022145605.15674048	1	0	1	0	1	0
NW_022145605.15674048	16	20	17	20	17	20
NW_022145605.15674178	4	5	4	3	4	0
NW_022145605.15674178	16	13	16	14	13	20
NW_022145605.15674305	3	2	6	4	5	5
NW_022145605.15674305	17	18	12	13	12	13
NW_022145605.15674593	18	20	20	19	20	20
NW_022145605.15674600	9	8	6	10	6	0
NW_022145605.15674600	10	10	11	10	12	20
NW_022145605.15674689	9	8	6	9	7	3
NW_022145605.15674689	11	10	12	10	12	14

Exon 7 SNP

NW_022145605.15676498	2	0	4	0	0	0
NW_022145605.15676498	15	20	13	20	20	20

Exon 6 SNP

NW_022145605.15679612	9	8	9	7	8	0
NW_022145605.15679612	10	11	11	12	10	20

Exon 5 SNP

NONE

Exon 4 SNP

NW_022145605.15680834	8	0	8	8	0	0
NW_022145605.15680834	10	20	9	9	20	20

Exon 3 SNP

NW_022145605.15681489	3	4	0	3	0	0
NW_022145605.15681489	15	14	20	14	20	20
NW_022145605.15681694	5	5	0	3	0	0
NW_022145605.15681694	13	13	20	15	20	20
NW_022145605.15681695	9	8	8	7	0	0
NW_022145605.15681695	10	9	9	12	20	20
NW_022145605.15681777	1	0	0	1	0	0
NW_022145605.15681777	18	20	20	19	20	20
NW_022145605.15681819	1	3	2	1	0	1
NW_022145605.15681819	17	17	18	18	20	16

Exon 2 SNP

NONE

Exon 1 SNP, all in UTR


NW_022145605.15691218	1	0	0	0	1	2
NW_022145605.15691218	17	20	20	20	17	16
NW_022145605.15691288	7	7	5	7	9	7
NW_022145605.15691288	10	12	14	12	10	10
NW_022145605.15691312	8	7	4	7	9	8
NW_022145605.15691312	11	10	15	13	10	10
NW_022145605.15691434	1	0	1	1	0	1
NW_022145605.15691434	19	20	18	17	20	17
NW_022145605.15691454	2	1	2	0	1	0
NW_022145605.15691454	17	18	18	20	17	20
NW_022145605.15691474	2	0	0	1	0	1
NW_022145605.15691474	18	20	20	17	20	17
NW_022145605.15691475	1	0	1	0	1	1
NW_022145605.15691475	18	20	19	20	17	17
NW_022145605.15691498	8	9	9	8	6	9
NW_022145605.15691498	12	11	11	11	11	9

Putative promoter
NW_022145605.15691535	1	1	2	1	1	0
NW_022145605.15691535	18	19	18	18	16	20
NW_022145605.15691581	9	7	7	7	0	0
NW_022145605.15691581	9	13	13	12	20	20
NW_022145605.15691653	9	7	4	7	8	0
NW_022145605.15691653	10	10	15	11	10	20
NW_022145605.15691665	2	1	1	0	0	0
NW_022145605.15691665	18	18	19	20	20	20
NW_022145605.15691691	6	9	10	10	6	8
NW_022145605.15691691	14	9	10	10	11	10
NW_022145605.15691734	1	1	0	0	0	0
NW_022145605.15691734	18	16	20	20	20	20
NW_022145605.15691736	1	0	0	1	0	1
NW_022145605.15691736	18	20	20	18	20	17
NW_022145605.15691822	1	0	1	1	0	0
NW_022145605.15691822	18	20	18	19	20	20
NW_022145605.15691832	1	0	1	1	0	0
NW_022145605.15691832	19	20	19	18	20	20
NW_022145605.15691936	9	7	5	9	9	0
NW_022145605.15691936	11	13	13	9	9	20
NW_022145605.15692006	3	1	3	1	2	0
NW_022145605.15692006	17	17	14	18	16	20
NW_022145605.15692035	4	5	4	1	4	0
NW_022145605.15692035	15	13	13	17	13	20
NW_022145605.15692078	2	0	1	1	1	1
NW_022145605.15692078	17	20	17	17	17	16
NW_022145605.15692104	1	0	2	1	2	0
NW_022145605.15692104	16	20	16	18	15	20
NW_022145605.15692135	1	3	3	2	0	0
NW_022145605.15692135	16	15	15	16	20	20
NW_022145605.15692136	6	5	3	5	5	0
NW_022145605.15692136	12	13	15	13	12	20
NW_022145605.15692160	7	0	0	0	0	0
NW_022145605.15692160	10	20	20	20	20	20
NW_022145605.15692169	8	7	6	7	0	7
NW_022145605.15692169	11	11	14	11	20	11
NW_022145605.15692176	8	8	6	7	7	8
NW_022145605.15692176	12	11	14	12	10	10
NW_022145605.15692226	1	0	1	0	1	0
NW_022145605.15692226	19	20	19	20	16	20
NW_022145605.15692360	5	9	0	9	8	8
NW_022145605.15692360	14	9	20	9	9	9
NW_022145605.15692394	8	8	7	7	8	8
NW_022145605.15692394	11	11	11	12	11	10
NW_022145605.15692427	1	0	2	1	0	1
NW_022145605.15692427	18	20	17	18	20	16
NW_022145605.15692467	9	8	7	7	0	0
NW_022145605.15692467	9	10	10	11	20	20