NW_022145605.15673505	1	0	0	0	0	0
NW_022145605.15673505	17	20	20	20	20	20
NW_022145605.15673512	1	0	1	0	0	0
NW_022145605.15673512	17	20	16	20	20	20
NW_022145605.15673553	7	0	0	0	0	0
NW_022145605.15673553	10	20	20	20	20	20
NW_022145605.15673597	8	8	6	10	5	4
NW_022145605.15673597	12	11	13	10	13	13
NW_022145605.15673633	8	8	6	0	7	0
NW_022145605.15673633	11	10	11	20	10	20
NW_022145605.15673640	1	0	0	0	0	0
NW_022145605.15673640	18	20	20	20	20	20
NW_022145605.15673739	8	8	5	8	5	3
NW_022145605.15673739	12	12	13	10	12	14
NW_022145605.15673756	7	7	9	4	7	7
NW_022145605.15673756	13	13	10	14	11	11
NW_022145605.15673758	4	4	4	4	1	3
NW_022145605.15673758	16	16	15	15	16	15
NW_022145605.15673771	1	0	0	0	0	0
NW_022145605.15673771	18	20	20	20	20	20
NW_022145605.15673775	1	0	0	0	0	0
NW_022145605.15673775	18	20	20	20	20	20
NW_022145605.15673776	1	1	0	1	0	0
NW_022145605.15673776	18	19	20	18	20	20
NW_022145605.15673784	1	0	0	0	0	0
NW_022145605.15673784	17	20	20	20	20	20
NW_022145605.15673798	2	4	2	3	3	1
NW_022145605.15673798	15	16	17	16	16	16
NW_022145605.15673845	2	2	1	2	0	2
NW_022145605.15673845	18	18	17	18	20	15
NW_022145605.15673869	3	2	2	2	0	2
NW_022145605.15673869	16	18	18	18	20	15
NW_022145605.15673895	1	0	0	0	0	0
NW_022145605.15673895	19	20	20	20	20	20
NW_022145605.15673903	3	2	2	2	0	0
NW_022145605.15673903	17	18	18	18	20	20
NW_022145605.15673910	7	9	7	10	7	0
NW_022145605.15673910	12	10	12	10	11	20
NW_022145605.15673938	1	0	0	0	0	0
NW_022145605.15673938	16	20	20	20	20	20
NW_022145605.15673956	1	0	1	0	0	0
NW_022145605.15673956	18	20	18	20	20	20
NW_022145605.15674004	2	1	2	2	0	0
NW_022145605.15674004	17	17	18	18	20	20
NW_022145605.15674017	1	0	0	0	1	0
NW_022145605.15674017	17	20	20	20	17	20
NW_022145605.15674027	7	9	6	10	5	3
NW_022145605.15674027	11	9	12	10	13	14
NW_022145605.15674048	1	0	1	0	1	0
NW_022145605.15674048	16	20	17	20	17	20
NW_022145605.15674174	2	1	0	0	2	0
NW_022145605.15674174	18	18	20	20	15	20
NW_022145605.15674178	4	5	4	3	4	0
NW_022145605.15674178	16	13	16	14	13	20
NW_022145605.15674181	1	0	0	0	0	0
NW_022145605.15674181	19	20	20	20	20	20
NW_022145605.15674192	1	1	0	0	0	0
NW_022145605.15674192	18	19	20	20	20	20
NW_022145605.15674196	1	0	2	0	0	0
NW_022145605.15674196	18	20	18	20	20	20
NW_022145605.15674198	1	0	0	0	0	0
NW_022145605.15674198	18	20	20	20	20	20
NW_022145605.15674240	1	0	0	0	0	0
NW_022145605.15674240	16	20	20	20	20	20
NW_022145605.15674267	1	0	0	1	0	0
NW_022145605.15674267	18	20	20	18	20	20
NW_022145605.15674305	3	2	6	4	5	5
NW_022145605.15674305	17	18	12	13	12	13
NW_022145605.15674308	1	0	0	0	0	0
NW_022145605.15674308	18	20	20	20	20	20
NW_022145605.15674347	2	0	0	0	1	0
NW_022145605.15674347	18	20	20	20	17	20
NW_022145605.15674419	2	1	0	1	0	0
NW_022145605.15674419	18	19	20	17	20	20
NW_022145605.15674420	1	1	0	0	1	0
NW_022145605.15674420	19	19	20	20	17	20
NW_022145605.15674492	2	0	0	1	0	0
NW_022145605.15674492	17	20	20	16	20	20
NW_022145605.15674590	1	0	0	0	0	0
NW_022145605.15674590	18	20	20	20	20	20
NW_022145605.15674593	1	0	0	1	0	0
NW_022145605.15674593	18	20	20	19	20	20
NW_022145605.15674600	9	8	6	10	6	0
NW_022145605.15674600	10	10	11	10	12	20
NW_022145605.15674662	1	0	0	0	0	0
NW_022145605.15674662	19	20	20	20	20	20
NW_022145605.15674689	9	8	6	9	7	3
NW_022145605.15674689	11	10	12	10	12	14
NW_022145605.15674708	1	0	1	0	0	0
NW_022145605.15674708	19	20	16	20	20	20
NW_022145605.15674737	1	0	0	0	0	0
NW_022145605.15674737	19	20	20	20	20	20
NW_022145605.15674744	1	2	2	1	1	1
NW_022145605.15674744	19	15	16	18	16	16
NW_022145605.15674819	1	0	1	1	0	1
NW_022145605.15674819	18	20	19	18	20	17
NW_022145605.15674839	2	0	0	1	0	0
NW_022145605.15674839	17	20	20	16	20	20
NW_022145605.15674879	1	0	1	1	0	1
NW_022145605.15674879	18	20	16	18	20	17
NW_022145605.15674893	1	0	0	0	0	0
NW_022145605.15674893	18	20	20	20	20	20
NW_022145605.15674930	2	0	0	0	0	0
NW_022145605.15674930	18	20	20	20	20	20
NW_022145605.15674993	3	0	1	1	0	0
NW_022145605.15674993	17	20	17	17	20	20
NW_022145605.15675002	1	0	0	0	1	0
NW_022145605.15675002	19	20	20	20	17	20
NW_022145605.15675008	1	0	0	0	0	0
NW_022145605.15675008	19	20	20	20	20	20
NW_022145605.15675044	3	1	0	0	2	3
NW_022145605.15675044	14	16	20	20	16	15
NW_022145605.15675068	1	0	0	0	0	0
NW_022145605.15675068	18	20	20	20	20	20
NW_022145605.15675113	1	0	0	0	0	0
NW_022145605.15675113	18	20	20	20	20	20
NW_022145605.15675200	1	0	0	0	0	0
NW_022145605.15675200	18	20	20	20	20	20
NW_022145605.15676492	1	0	0	0	0	0
NW_022145605.15676492	16	20	20	20	20	20
NW_022145605.15676498	2	0	4	0	0	0
NW_022145605.15676498	15	20	13	20	20	20
NW_022145605.15677884	1	0	0	0	0	0
NW_022145605.15677884	18	20	20	20	20	20
NW_022145605.15677900	1	0	0	0	0	0
NW_022145605.15677900	17	20	20	20	20	20
NW_022145605.15677915	1	0	0	0	0	0
NW_022145605.15677915	18	20	20	20	20	20
NW_022145605.15677962	5	5	3	3	4	6
NW_022145605.15677962	14	13	17	17	15	11
NW_022145605.15677972	1	0	1	1	1	0
NW_022145605.15677972	18	20	19	18	18	20
NW_022145605.15678021	1	0	0	0	0	0
NW_022145605.15678021	17	20	20	20	20	20
NW_022145605.15678076	7	5	7	0	8	0
NW_022145605.15678076	13	14	13	20	11	20
NW_022145605.15678077	1	0	0	0	0	0
NW_022145605.15678077	19	20	20	20	20	20
NW_022145605.15678091	3	5	3	4	3	3
NW_022145605.15678091	17	13	15	14	15	14
NW_022145605.15678096	1	0	0	0	0	0
NW_022145605.15678096	19	20	20	20	20	20
NW_022145605.15678105	4	5	3	0	5	0
NW_022145605.15678105	16	13	15	20	13	20
NW_022145605.15678117	4	2	3	2	3	0
NW_022145605.15678117	16	17	15	16	15	20
NW_022145605.15678120	1	1	0	0	0	0
NW_022145605.15678120	19	18	20	20	20	20
NW_022145605.15678203	9	6	6	8	6	3
NW_022145605.15678203	10	11	12	12	11	14
NW_022145605.15678205	2	0	2	1	1	1
NW_022145605.15678205	17	20	16	19	16	16
NW_022145605.15678207	1	0	0	0	0	0
NW_022145605.15678207	19	20	20	20	20	20
NW_022145605.15678230	1	0	0	0	0	0
NW_022145605.15678230	19	20	20	20	20	20
NW_022145605.15678239	1	0	0	0	0	0
NW_022145605.15678239	19	20	20	20	20	20
NW_022145605.15678251	1	0	0	0	1	0
NW_022145605.15678251	19	20	20	20	17	20
NW_022145605.15678295	1	0	0	1	0	0
NW_022145605.15678295	17	20	20	18	20	20
NW_022145605.15678302	2	3	4	5	2	0
NW_022145605.15678302	16	15	16	14	15	20
NW_022145605.15678311	1	0	0	0	0	0
NW_022145605.15678311	17	20	20	20	20	20
NW_022145605.15678315	2	3	0	0	3	0
NW_022145605.15678315	17	14	20	20	14	20
NW_022145605.15678321	1	0	0	0	0	0
NW_022145605.15678321	18	20	20	20	20	20
NW_022145605.15678349	1	3	1	0	3	2
NW_022145605.15678349	18	15	18	20	14	15
NW_022145605.15678354	1	0	0	0	1	1
NW_022145605.15678354	18	20	20	20	16	16
NW_022145605.15678363	1	2	1	0	1	1
NW_022145605.15678363	18	17	19	20	17	17
NW_022145605.15678403	1	1	1	2	0	3
NW_022145605.15678403	17	17	19	16	20	15
NW_022145605.15678404	2	0	1	0	1	2
NW_022145605.15678404	16	20	19	20	17	16
NW_022145605.15678454	1	0	0	0	1	0
NW_022145605.15678454	16	20	20	20	16	20
NW_022145605.15678504	1	0	0	0	0	0
NW_022145605.15678504	16	20	20	20	20	20
NW_022145605.15678512	5	6	0	0	0	0
NW_022145605.15678512	12	12	20	20	20	20
NW_022145605.15678550	3	2	3	2	5	3
NW_022145605.15678550	15	16	15	16	14	14
NW_022145605.15678580	3	3	2	2	5	2
NW_022145605.15678580	16	16	15	17	14	15
NW_022145605.15678582	2	3	3	1	2	2
NW_022145605.15678582	17	16	14	18	17	16
NW_022145605.15678600	2	1	3	0	1	0
NW_022145605.15678600	18	17	14	20	18	20
NW_022145605.15678629	8	7	0	7	7	0
NW_022145605.15678629	9	10	20	12	12	20
NW_022145605.15678644	1	0	0	0	0	0
NW_022145605.15678644	18	20	20	20	20	20
NW_022145605.15678660	2	0	0	2	2	0
NW_022145605.15678660	17	20	20	16	16	20
NW_022145605.15678667	2	3	3	2	3	3
NW_022145605.15678667	18	14	15	18	15	15
NW_022145605.15678716	3	3	5	2	3	2
NW_022145605.15678716	15	16	14	18	14	15
NW_022145605.15678722	2	0	0	1	0	1
NW_022145605.15678722	15	20	20	17	20	16
NW_022145605.15678737	1	0	0	0	0	0
NW_022145605.15678737	17	20	20	20	20	20
NW_022145605.15678746	1	0	0	0	0	0
NW_022145605.15678746	17	20	20	20	20	20
NW_022145605.15678752	1	0	0	1	0	0
NW_022145605.15678752	18	20	20	17	20	20
NW_022145605.15678771	2	2	1	1	1	2
NW_022145605.15678771	18	17	19	17	16	16
NW_022145605.15678774	1	0	0	0	0	0
NW_022145605.15678774	19	20	20	20	20	20
NW_022145605.15678778	1	0	0	1	0	1
NW_022145605.15678778	19	20	20	17	20	17
NW_022145605.15678794	6	7	8	7	7	8
NW_022145605.15678794	13	11	11	11	10	10
NW_022145605.15678810	1	1	0	0	0	0
NW_022145605.15678810	19	18	20	20	20	20
NW_022145605.15678812	2	2	4	1	3	0
NW_022145605.15678812	18	17	15	17	15	20
NW_022145605.15678824	1	0	0	1	0	0
NW_022145605.15678824	19	20	20	17	20	20
NW_022145605.15678828	1	0	0	0	0	0
NW_022145605.15678828	19	20	20	20	20	20
NW_022145605.15678831	3	0	4	1	3	3
NW_022145605.15678831	17	20	15	17	15	14
NW_022145605.15678888	4	3	0	2	0	0
NW_022145605.15678888	14	14	20	15	20	20
NW_022145605.15678919	1	0	0	0	1	0
NW_022145605.15678919	16	20	20	20	16	20
NW_022145605.15678927	1	0	4	2	2	0
NW_022145605.15678927	17	20	13	16	15	20
NW_022145605.15678940	2	2	4	2	2	1
NW_022145605.15678940	16	16	14	15	15	16
NW_022145605.15678947	1	2	2	2	1	1
NW_022145605.15678947	18	16	15	16	18	16
NW_022145605.15678974	3	0	5	2	0	0
NW_022145605.15678974	15	20	14	15	20	20
NW_022145605.15678991	9	8	8	6	8	0
NW_022145605.15678991	9	11	9	11	10	20
NW_022145605.15679019	8	8	0	6	8	4
NW_022145605.15679019	9	11	20	12	10	13
NW_022145605.15679075	8	7	9	6	8	4
NW_022145605.15679075	10	11	10	13	11	13
NW_022145605.15679079	1	0	0	0	0	0
NW_022145605.15679079	17	20	20	20	20	20
NW_022145605.15679198	2	0	1	1	1	0
NW_022145605.15679198	15	20	18	19	17	20
NW_022145605.15679204	4	7	7	7	6	0
NW_022145605.15679204	13	10	12	13	12	20
NW_022145605.15679212	2	2	3	2	1	0
NW_022145605.15679212	15	15	14	17	16	20
NW_022145605.15679612	9	8	9	7	8	0
NW_022145605.15679612	10	11	11	12	10	20
NW_022145605.15679673	6	4	5	4	4	0
NW_022145605.15679673	13	15	15	16	13	20
NW_022145605.15679701	1	0	0	0	0	0
NW_022145605.15679701	17	20	20	20	20	20
NW_022145605.15679706	1	0	0	0	0	0
NW_022145605.15679706	18	20	20	20	20	20
NW_022145605.15679707	2	0	0	1	1	0
NW_022145605.15679707	17	20	20	18	16	20
NW_022145605.15679853	6	3	5	3	0	0
NW_022145605.15679853	13	16	14	14	20	20
NW_022145605.15679856	9	7	6	5	0	0
NW_022145605.15679856	9	12	13	12	20	20
NW_022145605.15679985	6	0	0	0	3	0
NW_022145605.15679985	11	20	20	20	14	20
NW_022145605.15680038	1	0	0	0	0	0
NW_022145605.15680038	17	20	20	20	20	20
NW_022145605.15680041	3	0	0	0	0	0
NW_022145605.15680041	15	20	20	20	20	20
NW_022145605.15680834	8	0	8	8	0	0
NW_022145605.15680834	10	20	9	9	20	20
NW_022145605.15680867	1	0	0	0	0	0
NW_022145605.15680867	18	20	20	20	20	20
NW_022145605.15680894	3	2	4	5	3	3
NW_022145605.15680894	16	15	16	15	15	15
NW_022145605.15680896	1	0	0	1	0	0
NW_022145605.15680896	18	20	20	19	20	20
NW_022145605.15680898	3	2	2	4	3	2
NW_022145605.15680898	16	15	18	15	15	16
NW_022145605.15680908	2	1	1	1	0	2
NW_022145605.15680908	17	16	19	19	20	16
NW_022145605.15680932	4	5	3	3	2	2
NW_022145605.15680932	16	13	16	16	15	16
NW_022145605.15680933	4	3	3	4	2	2
NW_022145605.15680933	15	15	16	15	15	16
NW_022145605.15680966	2	2	0	2	4	0
NW_022145605.15680966	18	17	20	17	14	20
NW_022145605.15680982	1	0	0	0	0	0
NW_022145605.15680982	17	20	20	20	20	20
NW_022145605.15681027	1	0	0	0	0	0
NW_022145605.15681027	18	20	20	20	20	20
NW_022145605.15681030	1	0	0	0	1	0
NW_022145605.15681030	18	20	20	20	18	20
NW_022145605.15681033	5	6	3	4	3	1
NW_022145605.15681033	15	13	16	15	16	16
NW_022145605.15681037	1	0	0	0	0	0
NW_022145605.15681037	18	20	20	20	20	20
NW_022145605.15681056	1	3	3	2	3	4
NW_022145605.15681056	17	16	16	17	16	13
NW_022145605.15681069	4	4	3	3	3	1
NW_022145605.15681069	13	14	16	16	15	16
NW_022145605.15681342	1	0	0	0	0	0
NW_022145605.15681342	18	20	20	20	20	20
NW_022145605.15681363	1	0	0	0	0	0
NW_022145605.15681363	18	20	20	20	20	20
NW_022145605.15681441	1	0	0	0	0	0
NW_022145605.15681441	18	20	20	20	20	20
NW_022145605.15681489	3	4	0	3	0	0
NW_022145605.15681489	15	14	20	14	20	20
NW_022145605.15681694	5	5	0	3	0	0
NW_022145605.15681694	13	13	20	15	20	20
NW_022145605.15681695	9	8	8	7	0	0
NW_022145605.15681695	10	9	9	12	20	20
NW_022145605.15681711	1	0	0	0	0	0
NW_022145605.15681711	18	20	20	20	20	20
NW_022145605.15681777	1	0	0	1	0	0
NW_022145605.15681777	18	20	20	19	20	20
NW_022145605.15681804	1	0	0	0	0	0
NW_022145605.15681804	18	20	20	20	20	20
NW_022145605.15681819	1	3	2	1	0	1
NW_022145605.15681819	17	17	18	18	20	16
NW_022145605.15681886	1	0	0	0	0	0
NW_022145605.15681886	17	20	20	20	20	20
NW_022145605.15681895	1	0	0	0	0	1
NW_022145605.15681895	17	20	20	20	20	16
NW_022145605.15681899	3	0	2	2	0	2
NW_022145605.15681899	15	20	17	15	20	15
NW_022145605.15681924	2	0	2	0	0	2
NW_022145605.15681924	17	20	17	20	20	16
NW_022145605.15681963	1	0	0	0	1	0
NW_022145605.15681963	19	20	20	20	16	20
NW_022145605.15682007	1	0	0	0	0	0
NW_022145605.15682007	18	20	20	20	20	20
NW_022145605.15682009	1	0	0	0	0	0
NW_022145605.15682009	18	20	20	20	20	20
NW_022145605.15682041	1	0	0	0	0	0
NW_022145605.15682041	19	20	20	20	20	20
NW_022145605.15682044	1	0	0	0	0	0
NW_022145605.15682044	19	20	20	20	20	20
NW_022145605.15682095	1	2	2	1	1	0
NW_022145605.15682095	18	18	18	19	18	20
NW_022145605.15682116	2	0	1	2	1	2
NW_022145605.15682116	16	20	19	18	18	15
NW_022145605.15682119	1	0	0	0	0	1
NW_022145605.15682119	17	20	20	20	20	16
NW_022145605.15682131	2	0	2	1	0	2
NW_022145605.15682131	17	20	18	19	20	15
NW_022145605.15682132	1	0	0	0	0	0
NW_022145605.15682132	18	20	20	20	20	20
NW_022145605.15682192	3	7	2	7	4	2
NW_022145605.15682192	14	12	17	13	14	16
NW_022145605.15682217	1	1	0	0	0	1
NW_022145605.15682217	19	18	20	20	20	17
NW_022145605.15682227	1	1	0	0	0	1
NW_022145605.15682227	18	17	20	20	20	17
NW_022145605.15682266	1	0	0	0	0	0
NW_022145605.15682266	18	20	20	20	20	20
NW_022145605.15682271	1	0	0	1	0	0
NW_022145605.15682271	18	20	20	19	20	20
NW_022145605.15682338	1	0	0	0	0	0
NW_022145605.15682338	19	20	20	20	20	20
NW_022145605.15682341	1	0	0	0	0	0
NW_022145605.15682341	19	20	20	20	20	20
NW_022145605.15682377	1	1	0	0	2	0
NW_022145605.15682377	19	18	20	20	16	20
NW_022145605.15682425	1	0	0	0	0	0
NW_022145605.15682425	19	20	20	20	20	20
NW_022145605.15682442	1	0	2	0	0	0
NW_022145605.15682442	19	20	17	20	20	20
NW_022145605.15682444	1	0	0	0	0	0
NW_022145605.15682444	19	20	20	20	20	20
NW_022145605.15682455	1	1	1	0	0	0
NW_022145605.15682455	19	19	17	20	20	20
NW_022145605.15682511	1	0	0	0	0	1
NW_022145605.15682511	19	20	20	20	20	16
NW_022145605.15682512	1	0	0	0	0	0
NW_022145605.15682512	19	20	20	20	20	20
NW_022145605.15682602	1	0	0	0	1	0
NW_022145605.15682602	17	20	20	20	16	20
NW_022145605.15682680	1	0	0	0	0	0
NW_022145605.15682680	19	20	20	20	20	20
NW_022145605.15682743	1	0	0	0	0	0
NW_022145605.15682743	18	20	20	20	20	20
NW_022145605.15682828	1	0	0	0	0	0
NW_022145605.15682828	17	20	20	20	20	20
NW_022145605.15682850	1	0	0	0	0	0
NW_022145605.15682850	18	20	20	20	20	20
NW_022145605.15682893	1	0	0	0	1	0
NW_022145605.15682893	17	20	20	20	17	20
NW_022145605.15682913	1	0	0	1	0	0
NW_022145605.15682913	17	20	20	16	20	20
NW_022145605.15682919	1	0	0	0	0	0
NW_022145605.15682919	18	20	20	20	20	20
NW_022145605.15683007	1	0	0	0	0	0
NW_022145605.15683007	17	20	20	20	20	20
NW_022145605.15683059	1	0	0	0	0	0
NW_022145605.15683059	17	20	20	20	20	20
NW_022145605.15683095	1	0	0	1	0	0
NW_022145605.15683095	18	20	20	18	20	20
NW_022145605.15683133	1	0	0	0	0	0
NW_022145605.15683133	17	20	20	20	20	20
NW_022145605.15683160	1	0	0	0	0	1
NW_022145605.15683160	18	20	20	20	20	16
NW_022145605.15683330	1	1	0	0	0	0
NW_022145605.15683330	18	18	20	20	20	20
NW_022145605.15683429	1	0	0	2	0	0
NW_022145605.15683429	19	20	20	17	20	20
NW_022145605.15683439	1	0	0	0	0	0
NW_022145605.15683439	19	20	20	20	20	20
NW_022145605.15683496	1	0	0	0	0	0
NW_022145605.15683496	17	20	20	20	20	20
NW_022145605.15683537	1	0	0	0	0	0
NW_022145605.15683537	18	20	20	20	20	20
NW_022145605.15683585	1	1	0	0	1	0
NW_022145605.15683585	18	17	20	20	18	20
NW_022145605.15683602	1	0	0	0	0	0
NW_022145605.15683602	17	20	20	20	20	20
NW_022145605.15683608	1	0	0	0	0	0
NW_022145605.15683608	19	20	20	20	20	20
NW_022145605.15683639	1	0	0	0	0	0
NW_022145605.15683639	16	20	20	20	20	20
NW_022145605.15683680	1	0	0	0	0	0
NW_022145605.15683680	18	20	20	20	20	20
NW_022145605.15683695	1	0	0	0	0	0
NW_022145605.15683695	19	20	20	20	20	20
NW_022145605.15683714	8	7	6	8	7	7
NW_022145605.15683714	9	10	11	10	11	10
NW_022145605.15683722	1	0	0	0	0	0
NW_022145605.15683722	18	20	20	20	20	20
NW_022145605.15683725	1	0	0	0	1	0
NW_022145605.15683725	18	20	20	20	18	20
NW_022145605.15683727	1	0	0	0	0	0
NW_022145605.15683727	18	20	20	20	20	20
NW_022145605.15683740	1	0	1	0	0	0
NW_022145605.15683740	17	20	17	20	20	20
NW_022145605.15683742	6	6	0	7	8	0
NW_022145605.15683742	14	13	20	13	11	20
NW_022145605.15683788	9	7	10	9	8	0
NW_022145605.15683788	10	11	10	11	11	20
NW_022145605.15683837	1	0	0	0	0	0
NW_022145605.15683837	17	20	20	20	20	20
NW_022145605.15683861	1	0	0	0	0	0
NW_022145605.15683861	17	20	20	20	20	20
NW_022145605.15683886	2	2	1	0	0	0
NW_022145605.15683886	17	17	18	20	20	20
NW_022145605.15683905	1	0	0	0	0	0
NW_022145605.15683905	18	20	20	20	20	20
NW_022145605.15683946	1	0	0	0	0	1
NW_022145605.15683946	17	20	20	20	20	17
NW_022145605.15684006	1	1	0	0	0	0
NW_022145605.15684006	18	19	20	20	20	20
NW_022145605.15684011	1	0	0	0	0	0
NW_022145605.15684011	18	20	20	20	20	20
NW_022145605.15684138	1	0	0	0	0	0
NW_022145605.15684138	17	20	20	20	20	20
NW_022145605.15684155	1	0	0	0	0	0
NW_022145605.15684155	17	20	20	20	20	20
NW_022145605.15684209	1	0	0	0	0	0
NW_022145605.15684209	17	20	20	20	20	20
NW_022145605.15684225	1	0	0	0	0	0
NW_022145605.15684225	18	20	20	20	20	20
NW_022145605.15684299	3	2	0	3	3	0
NW_022145605.15684299	16	17	20	14	16	20
NW_022145605.15684307	1	0	0	0	0	0
NW_022145605.15684307	19	20	20	20	20	20
NW_022145605.15684340	1	0	0	0	0	0
NW_022145605.15684340	19	20	20	20	20	20
NW_022145605.15684396	1	0	0	0	0	1
NW_022145605.15684396	19	20	20	20	20	16
NW_022145605.15684414	1	0	0	0	0	0
NW_022145605.15684414	18	20	20	20	20	20
NW_022145605.15684424	1	0	0	1	0	0
NW_022145605.15684424	18	20	20	17	20	20
NW_022145605.15684463	1	0	1	1	0	0
NW_022145605.15684463	17	20	17	18	20	20
NW_022145605.15684468	1	0	0	0	0	0
NW_022145605.15684468	17	20	20	20	20	20
NW_022145605.15684561	1	0	0	0	0	0
NW_022145605.15684561	19	20	20	20	20	20
NW_022145605.15684647	1	0	2	1	1	0
NW_022145605.15684647	18	20	17	18	17	20
NW_022145605.15684750	1	0	0	0	0	0
NW_022145605.15684750	18	20	20	20	20	20
NW_022145605.15684754	3	2	0	3	2	1
NW_022145605.15684754	16	17	20	16	16	16
NW_022145605.15684813	1	0	0	0	0	0
NW_022145605.15684813	18	20	20	20	20	20
NW_022145605.15684828	1	0	1	0	0	0
NW_022145605.15684828	19	20	19	20	20	20
NW_022145605.15684858	1	0	1	0	0	0
NW_022145605.15684858	19	20	18	20	20	20
NW_022145605.15684869	1	0	1	1	2	1
NW_022145605.15684869	19	20	18	17	16	17
NW_022145605.15684887	1	0	0	1	0	0
NW_022145605.15684887	19	20	20	18	20	20
NW_022145605.15684896	1	0	0	0	0	0
NW_022145605.15684896	19	20	20	20	20	20
NW_022145605.15684917	1	0	0	1	0	0
NW_022145605.15684917	19	20	20	19	20	20
NW_022145605.15684921	1	0	1	0	2	1
NW_022145605.15684921	18	20	19	20	16	16
NW_022145605.15684924	1	0	0	1	0	0
NW_022145605.15684924	19	20	20	19	20	20
NW_022145605.15684939	1	0	0	0	0	0
NW_022145605.15684939	19	20	20	20	20	20
NW_022145605.15684941	1	0	0	0	0	0
NW_022145605.15684941	19	20	20	20	20	20
NW_022145605.15684951	1	0	0	0	0	0
NW_022145605.15684951	18	20	20	20	20	20
NW_022145605.15684966	1	0	1	1	2	1
NW_022145605.15684966	16	20	18	17	15	16
NW_022145605.15684982	1	0	1	0	0	0
NW_022145605.15684982	17	20	18	20	20	20
NW_022145605.15684992	2	0	0	2	0	0
NW_022145605.15684992	16	20	20	18	20	20
NW_022145605.15684993	2	0	0	2	0	0
NW_022145605.15684993	16	20	20	17	20	20
NW_022145605.15685002	1	0	0	0	0	0
NW_022145605.15685002	17	20	20	20	20	20
NW_022145605.15685027	1	0	0	0	2	1
NW_022145605.15685027	18	20	20	20	16	17
NW_022145605.15685119	1	0	0	0	0	0
NW_022145605.15685119	16	20	20	20	20	20
NW_022145605.15685122	1	0	0	0	0	1
NW_022145605.15685122	16	20	20	20	20	17
NW_022145605.15685127	1	1	0	2	0	1
NW_022145605.15685127	16	19	20	15	20	17
NW_022145605.15685139	2	1	1	2	0	2
NW_022145605.15685139	16	18	17	16	20	16
NW_022145605.15685144	2	1	2	0	0	2
NW_022145605.15685144	15	17	16	20	20	16
NW_022145605.15685259	1	0	0	0	0	0
NW_022145605.15685259	16	20	20	20	20	20
NW_022145605.15685277	1	0	1	0	0	0
NW_022145605.15685277	16	20	18	20	20	20
NW_022145605.15685330	1	0	0	0	0	0
NW_022145605.15685330	16	20	20	20	20	20
NW_022145605.15685458	1	1	2	1	0	0
NW_022145605.15685458	18	19	16	19	20	20
NW_022145605.15685466	1	1	0	2	2	0
NW_022145605.15685466	16	19	20	18	15	20
NW_022145605.15685471	1	0	0	0	0	0
NW_022145605.15685471	17	20	20	20	20	20
NW_022145605.15685481	1	0	0	0	0	0
NW_022145605.15685481	16	20	20	20	20	20
NW_022145605.15685590	2	0	1	0	1	1
NW_022145605.15685590	18	20	17	20	17	17
NW_022145605.15685625	3	1	2	2	0	1
NW_022145605.15685625	17	18	16	17	20	17
NW_022145605.15685635	1	0	0	0	0	0
NW_022145605.15685635	17	20	20	20	20	20
NW_022145605.15685677	1	0	0	0	0	0
NW_022145605.15685677	17	20	20	20	20	20
NW_022145605.15685693	1	2	2	1	1	0
NW_022145605.15685693	16	15	16	17	16	20
NW_022145605.15685760	3	0	2	2	0	0
NW_022145605.15685760	14	20	17	15	20	20
NW_022145605.15685840	2	0	0	3	0	0
NW_022145605.15685840	17	20	20	15	20	20
NW_022145605.15685860	1	0	0	0	0	0
NW_022145605.15685860	18	20	20	20	20	20
NW_022145605.15685876	2	0	1	1	1	0
NW_022145605.15685876	15	20	18	19	16	20
NW_022145605.15685903	6	4	5	5	6	4
NW_022145605.15685903	12	15	15	13	11	14
NW_022145605.15685963	1	1	0	0	0	0
NW_022145605.15685963	17	17	20	20	20	20
NW_022145605.15685969	1	0	0	0	0	0
NW_022145605.15685969	16	20	20	20	20	20
NW_022145605.15685979	1	0	2	0	0	0
NW_022145605.15685979	16	20	18	20	20	20
NW_022145605.15686042	3	9	6	5	0	0
NW_022145605.15686042	14	9	11	15	20	20
NW_022145605.15686053	1	1	2	0	0	0
NW_022145605.15686053	17	16	16	20	20	20
NW_022145605.15686204	5	0	8	8	8	7
NW_022145605.15686204	12	20	11	10	9	10
NW_022145605.15686217	1	0	0	0	0	0
NW_022145605.15686217	17	20	20	20	20	20
NW_022145605.15686309	1	0	0	0	0	0
NW_022145605.15686309	19	20	20	20	20	20
NW_022145605.15686310	1	0	0	0	0	0
NW_022145605.15686310	19	20	20	20	20	20
NW_022145605.15686378	8	0	7	8	0	0
NW_022145605.15686378	9	20	10	11	20	20
NW_022145605.15686427	1	0	0	0	0	0
NW_022145605.15686427	19	20	20	20	20	20
NW_022145605.15686438	2	0	0	2	0	0
NW_022145605.15686438	15	20	20	16	20	20
NW_022145605.15686457	1	0	1	0	0	0
NW_022145605.15686457	18	20	17	20	20	20
NW_022145605.15686473	1	0	0	0	0	0
NW_022145605.15686473	18	20	20	20	20	20
NW_022145605.15686484	1	0	0	0	0	0
NW_022145605.15686484	18	20	20	20	20	20
NW_022145605.15686551	1	0	0	0	0	0
NW_022145605.15686551	18	20	20	20	20	20
NW_022145605.15686606	1	1	0	1	1	0
NW_022145605.15686606	18	19	20	18	16	20
NW_022145605.15686611	1	0	0	1	0	0
NW_022145605.15686611	18	20	20	18	20	20
NW_022145605.15686631	4	9	8	8	0	0
NW_022145605.15686631	13	11	9	11	20	20
NW_022145605.15686678	1	0	0	0	0	0
NW_022145605.15686678	18	20	20	20	20	20
NW_022145605.15686692	1	0	0	0	0	0
NW_022145605.15686692	18	20	20	20	20	20
NW_022145605.15686732	2	0	2	0	0	2
NW_022145605.15686732	18	20	18	20	20	15
NW_022145605.15686737	6	5	4	3	6	4
NW_022145605.15686737	14	14	15	15	13	13
NW_022145605.15686746	1	0	0	0	0	0
NW_022145605.15686746	19	20	20	20	20	20
NW_022145605.15686818	1	0	2	0	0	1
NW_022145605.15686818	19	20	17	20	20	16
NW_022145605.15686824	9	8	9	7	6	7
NW_022145605.15686824	11	11	10	11	13	10
NW_022145605.15686841	1	0	0	0	0	0
NW_022145605.15686841	19	20	20	20	20	20
NW_022145605.15686855	1	0	1	1	0	0
NW_022145605.15686855	18	20	17	18	20	20
NW_022145605.15686865	1	0	0	0	0	0
NW_022145605.15686865	17	20	20	20	20	20
NW_022145605.15686877	6	3	2	3	2	3
NW_022145605.15686877	12	15	16	17	16	15
NW_022145605.15686894	1	0	0	0	0	0
NW_022145605.15686894	16	20	20	20	20	20
NW_022145605.15686939	1	1	0	0	0	0
NW_022145605.15686939	18	19	20	20	20	20
NW_022145605.15686990	1	0	1	0	0	0
NW_022145605.15686990	19	20	19	20	20	20
NW_022145605.15687093	1	0	1	0	1	0
NW_022145605.15687093	18	20	17	20	17	20
NW_022145605.15687143	1	0	0	0	0	0
NW_022145605.15687143	17	20	20	20	20	20
NW_022145605.15687162	1	1	0	0	0	0
NW_022145605.15687162	19	17	20	20	20	20
NW_022145605.15687169	1	0	0	0	0	0
NW_022145605.15687169	19	20	20	20	20	20
NW_022145605.15687206	1	0	0	0	0	0
NW_022145605.15687206	19	20	20	20	20	20
NW_022145605.15687246	1	0	0	0	0	0
NW_022145605.15687246	19	20	20	20	20	20
NW_022145605.15687254	1	0	0	0	0	0
NW_022145605.15687254	19	20	20	20	20	20
NW_022145605.15687264	1	0	0	0	0	0
NW_022145605.15687264	19	20	20	20	20	20
NW_022145605.15687270	2	2	2	1	1	0
NW_022145605.15687270	18	17	17	18	16	20
NW_022145605.15687292	1	1	0	0	2	1
NW_022145605.15687292	19	18	20	20	16	16
NW_022145605.15687295	7	5	8	6	7	7
NW_022145605.15687295	13	14	11	13	12	10
NW_022145605.15687318	1	1	1	0	1	1
NW_022145605.15687318	19	18	18	20	18	16
NW_022145605.15687326	1	0	1	0	0	0
NW_022145605.15687326	19	20	18	20	20	20
NW_022145605.15687341	1	0	0	0	0	0
NW_022145605.15687341	18	20	20	20	20	20
NW_022145605.15687356	1	1	0	0	2	0
NW_022145605.15687356	18	19	20	20	16	20
NW_022145605.15687371	1	0	0	0	0	0
NW_022145605.15687371	19	20	20	20	20	20
NW_022145605.15687375	2	2	2	0	1	0
NW_022145605.15687375	18	17	17	20	18	20
NW_022145605.15687389	1	2	4	0	0	0
NW_022145605.15687389	18	18	15	20	20	20
NW_022145605.15687411	1	0	0	0	0	0
NW_022145605.15687411	19	20	20	20	20	20
NW_022145605.15687439	1	0	3	3	3	0
NW_022145605.15687439	16	20	16	16	15	20
NW_022145605.15687456	1	0	1	1	1	1
NW_022145605.15687456	18	20	19	18	18	16
NW_022145605.15687473	4	0	2	2	2	1
NW_022145605.15687473	15	20	17	17	17	17
NW_022145605.15687485	1	0	0	0	0	0
NW_022145605.15687485	18	20	20	20	20	20
NW_022145605.15687489	1	0	0	0	0	0
NW_022145605.15687489	18	20	20	20	20	20
NW_022145605.15687505	1	0	0	0	0	0
NW_022145605.15687505	18	20	20	20	20	20
NW_022145605.15687525	1	0	0	0	0	0
NW_022145605.15687525	17	20	20	20	20	20
NW_022145605.15687541	1	0	1	0	0	0
NW_022145605.15687541	17	20	17	20	20	20
NW_022145605.15687573	4	0	4	3	4	1
NW_022145605.15687573	14	20	15	15	14	16
NW_022145605.15687580	3	3	4	0	1	4
NW_022145605.15687580	15	14	15	20	17	13
NW_022145605.15687587	1	0	0	0	0	1
NW_022145605.15687587	17	20	20	20	20	17
NW_022145605.15687636	2	1	2	2	2	2
NW_022145605.15687636	15	17	16	17	17	16
NW_022145605.15687716	1	0	1	0	0	1
NW_022145605.15687716	17	20	16	20	20	16
NW_022145605.15687817	1	2	2	2	0	0
NW_022145605.15687817	17	17	18	18	20	20
NW_022145605.15687843	1	0	0	0	0	0
NW_022145605.15687843	17	20	20	20	20	20
NW_022145605.15687846	1	0	0	2	1	1
NW_022145605.15687846	17	20	20	18	17	16
NW_022145605.15687851	1	0	0	0	0	0
NW_022145605.15687851	17	20	20	20	20	20
NW_022145605.15687858	1	0	0	0	1	0
NW_022145605.15687858	17	20	20	20	16	20
NW_022145605.15687866	1	0	0	0	0	1
NW_022145605.15687866	17	20	20	20	20	16
NW_022145605.15687883	1	0	0	0	0	0
NW_022145605.15687883	18	20	20	20	20	20
NW_022145605.15687911	1	0	0	1	0	1
NW_022145605.15687911	17	20	20	17	20	16
NW_022145605.15687913	1	0	0	0	0	0
NW_022145605.15687913	17	20	20	20	20	20
NW_022145605.15687922	1	1	0	0	0	0
NW_022145605.15687922	17	16	20	20	20	20
NW_022145605.15687948	1	0	0	1	0	1
NW_022145605.15687948	17	20	20	18	20	17
NW_022145605.15687958	3	3	2	3	0	3
NW_022145605.15687958	16	17	17	16	20	15
NW_022145605.15687979	1	0	0	0	0	0
NW_022145605.15687979	18	20	20	20	20	20
NW_022145605.15687994	6	6	6	6	5	0
NW_022145605.15687994	12	12	13	14	12	20
NW_022145605.15688041	1	0	0	0	0	0
NW_022145605.15688041	19	20	20	20	20	20
NW_022145605.15688047	1	0	0	0	0	0
NW_022145605.15688047	19	20	20	20	20	20
NW_022145605.15688082	2	1	1	2	0	2
NW_022145605.15688082	18	18	18	17	20	15
NW_022145605.15688083	1	0	0	0	1	0
NW_022145605.15688083	18	20	20	20	18	20
NW_022145605.15688098	1	0	0	0	0	0
NW_022145605.15688098	17	20	20	20	20	20
NW_022145605.15688135	1	0	0	0	0	0
NW_022145605.15688135	17	20	20	20	20	20
NW_022145605.15688170	1	0	0	0	0	0
NW_022145605.15688170	19	20	20	20	20	20
NW_022145605.15688172	1	0	0	0	0	0
NW_022145605.15688172	19	20	20	20	20	20
NW_022145605.15688176	3	2	3	2	4	3
NW_022145605.15688176	17	16	16	16	15	14
NW_022145605.15688228	4	0	0	2	0	3
NW_022145605.15688228	14	20	20	17	20	15
NW_022145605.15688235	1	0	0	0	0	0
NW_022145605.15688235	17	20	20	20	20	20
NW_022145605.15688242	7	0	0	6	0	0
NW_022145605.15688242	12	20	20	13	20	20
NW_022145605.15688251	1	0	0	0	0	0
NW_022145605.15688251	16	20	20	20	20	20
NW_022145605.15688297	1	0	1	1	0	0
NW_022145605.15688297	18	20	17	19	20	20
NW_022145605.15689079	5	9	0	8	0	0
NW_022145605.15689079	12	9	20	9	20	20
NW_022145605.15690999	1	0	0	0	1	0
NW_022145605.15690999	16	20	20	20	16	20
NW_022145605.15691012	1	0	0	0	1	0
NW_022145605.15691012	18	20	20	20	16	20
NW_022145605.15691023	2	0	0	0	2	3
NW_022145605.15691023	17	20	20	20	16	15
NW_022145605.15691025	1	0	0	0	0	0
NW_022145605.15691025	18	20	20	20	20	20
NW_022145605.15691053	1	0	1	1	1	0
NW_022145605.15691053	18	20	17	18	17	20
NW_022145605.15691099	1	0	0	0	0	0
NW_022145605.15691099	16	20	20	20	20	20
NW_022145605.15691218	1	0	0	0	1	2
NW_022145605.15691218	17	20	20	20	17	16
NW_022145605.15691237	1	0	0	0	0	0
NW_022145605.15691237	18	20	20	20	20	20
NW_022145605.15691288	7	7	5	7	9	7
NW_022145605.15691288	10	12	14	12	10	10
NW_022145605.15691312	8	7	4	7	9	8
NW_022145605.15691312	11	10	15	13	10	10
NW_022145605.15691434	1	0	1	1	0	1
NW_022145605.15691434	19	20	18	17	20	17
NW_022145605.15691454	2	1	2	0	1	0
NW_022145605.15691454	17	18	18	20	17	20
NW_022145605.15691458	1	0	1	0	0	0
NW_022145605.15691458	18	20	19	20	20	20
NW_022145605.15691459	1	0	0	0	0	0
NW_022145605.15691459	18	20	20	20	20	20
NW_022145605.15691474	2	0	0	1	0	1
NW_022145605.15691474	18	20	20	17	20	17
NW_022145605.15691475	1	0	1	0	1	1
NW_022145605.15691475	18	20	19	20	17	17
NW_022145605.15691487	1	0	0	0	0	0
NW_022145605.15691487	18	20	20	20	20	20
NW_022145605.15691498	8	9	9	8	6	9
NW_022145605.15691498	12	11	11	11	11	9